0.7970154315753774
0.8363911799360377
0.8964130070398927
0.8970760233918129
0.5317720275139207
0.38143642726212296
0.46352862627274244
0.44047819498232027
0.8425368139223561
0.914179104477612
0.8153310104529616
0.8091328886608518
0.7177894048397645
0.5690060443250504
0.5160923276983095
0.5746775288526816
0.6427029719408932
0.7576936083868786
0.4784569138276553
0.30906364545151616

EMF
0.8362971580521855
0.9085985104942451
0.6815371762740183
0.8028287590503452
0.6360927152317881
0.619181712771244
0.49531276632009547
0.6392092257001647
0.7431768096287507
0.4187101108498488
0.6805719091673675
0.7758364925004121
0.726036595601813
0.8385953064325511
0.6529562982005142
0.45464871004380986
0.6259124087591241
0.6380920613742495
0.6676089125374127
0.7805802835476426

MMF
0.742691990090834
0.8388266315095584
0.46726190476190477
0.781624725553116
0.6146100017067759
0.6132168754119973
0.6771404821280133
0.8478739623920041
0.6400821495806949
0.6213229042679816
0.6896434634974533
0.7998666888851858
0.42586697939353324
0.3741772151898734
0.5856620093147039
0.5525540275049116
0.8539713862851505
0.8567368772985624
0.6988701490093335
0.7579575596816976
